----------------------------------------------------------------------
----     ompP General Information     --------------------------------
----------------------------------------------------------------------
Start Date      : Thu Dec 07 19:32:08 2017
End Date        : Thu Dec 07 19:32:08 2017
Duration        : 0.38 sec
Application Name: unknown
Type of Report  : final
User Time       : 0.66 sec
System Time     : 0.01 sec
Max Threads     : 16
ompP Version    : 0.8.99
ompP Build Date : Dec  7 2017 12:54:01
PAPI Support    : not available

----------------------------------------------------------------------
----     ompP Region Overview     ------------------------------------
----------------------------------------------------------------------
PARALLEL LOOP: 3 regions:
 * R00001 lbp_omp.c (148-152)
 * R00002 lbp_omp.c (156-165)
 * R00003 lbp_omp.c (179-183)

----------------------------------------------------------------------
----     ompP Callgraph     ------------------------------------------
----------------------------------------------------------------------

  Inclusive  (%)   Exclusive  (%)
   0.38 (100.0%)    0.01 ( 1.95%)           [unknown: 16 threads]
   0.16 (43.41%)    0.16 (43.41%)  PARLOOP  |-R00001 lbp_omp.c (148-152)
   0.20 (54.07%)    0.20 (54.07%)  PARLOOP  |-R00002 lbp_omp.c (156-165)
   0.00 ( 0.57%)    0.00 ( 0.57%)  PARLOOP  +-R00003 lbp_omp.c (179-183)

----------------------------------------------------------------------
----     ompP Flat Region Profile (inclusive data)     ---------------
----------------------------------------------------------------------
R00001 lbp_omp.c (148-152) PARALLEL LOOP
 TID      execT      execC      bodyT   exitBarT   startupT   shutdwnT      taskT
   0       0.16          1       0.10       0.06       0.00       0.00       0.00
   1       0.16          1       0.16       0.00       0.00       0.00       0.00
   2       0.16          1       0.15       0.01       0.00       0.00       0.00
   3       0.16          1       0.16       0.00       0.00       0.00       0.00
   4       0.16          1       0.14       0.01       0.01       0.00       0.00
   5       0.16          1       0.14       0.01       0.01       0.00       0.00
   6       0.16          1       0.14       0.01       0.01       0.00       0.00
   7       0.16          1       0.13       0.01       0.02       0.00       0.00
   8       0.16          1       0.12       0.02       0.02       0.00       0.00
   9       0.16          1       0.12       0.03       0.02       0.00       0.00
  10       0.16          1       0.13       0.02       0.02       0.00       0.00
  11       0.16          1       0.12       0.03       0.02       0.00       0.00
  12       0.16          1       0.13       0.02       0.02       0.00       0.00
  13       0.16          1       0.12       0.02       0.02       0.00       0.00
  14       0.16          1       0.12       0.03       0.02       0.00       0.00
  15       0.16          1       0.09       0.00       0.07       0.00       0.00
 SUM       2.63         16       2.09       0.29       0.25       0.00       0.00

R00002 lbp_omp.c (156-165) PARALLEL LOOP
 TID      execT      execC      bodyT   exitBarT   startupT   shutdwnT      taskT
   0       0.20         18       0.05       0.04       0.11       0.00       0.00
   1       0.20         18       0.06       0.11       0.03       0.00       0.00
   2       0.20         18       0.05       0.11       0.04       0.00       0.00
   3       0.20         18       0.06       0.07       0.07       0.00       0.00
   4       0.20         18       0.04       0.04       0.12       0.00       0.00
   5       0.20         18       0.05       0.13       0.03       0.00       0.00
   6       0.20         18       0.05       0.04       0.11       0.00       0.00
   7       0.20         18       0.06       0.10       0.05       0.00       0.00
   8       0.20         18       0.05       0.06       0.09       0.00       0.00
   9       0.20         18       0.05       0.09       0.07       0.00       0.00
  10       0.20         18       0.00       0.20       0.01       0.00       0.00
  11       0.20         18       0.00       0.20       0.00       0.00       0.00
  12       0.20         18       0.00       0.19       0.01       0.00       0.00
  13       0.20         18       0.00       0.20       0.00       0.00       0.00
  14       0.20         18       0.00       0.20       0.00       0.00       0.00
  15       0.20         18       0.00       0.20       0.00       0.00       0.00
 SUM       3.27        288       0.51       1.98       0.75       0.03       0.00

R00003 lbp_omp.c (179-183) PARALLEL LOOP
 TID      execT      execC      bodyT   exitBarT   startupT   shutdwnT      taskT
   0       0.00         18       0.00       0.00       0.00       0.00       0.00
   1       0.00         18       0.00       0.00       0.00       0.00       0.00
   2       0.00         18       0.00       0.00       0.00       0.00       0.00
   3       0.00         18       0.00       0.00       0.00       0.00       0.00
   4       0.00         18       0.00       0.00       0.00       0.00       0.00
   5       0.00         18       0.00       0.00       0.00       0.00       0.00
   6       0.00         18       0.00       0.00       0.00       0.00       0.00
   7       0.00         18       0.00       0.00       0.00       0.00       0.00
   8       0.00         18       0.00       0.00       0.00       0.00       0.00
   9       0.00         18       0.00       0.00       0.00       0.00       0.00
  10       0.00         18       0.00       0.00       0.00       0.00       0.00
  11       0.00         18       0.00       0.00       0.00       0.00       0.00
  12       0.00         18       0.00       0.00       0.00       0.00       0.00
  13       0.00         18       0.00       0.00       0.00       0.00       0.00
  14       0.00         18       0.00       0.00       0.00       0.00       0.00
  15       0.00         18       0.00       0.00       0.00       0.00       0.00
 SUM       0.03        288       0.00       0.01       0.01       0.01       0.00

----------------------------------------------------------------------
----     ompP Callgraph Region Profiles (incl./excl. data)     -------
----------------------------------------------------------------------

[*00] unknown
[=01] R00001 lbp_omp.c (148-152) PARALLEL LOOP
 TID      execT      execC    bodyT/I    bodyT/E   exitBarT   startupT   shutdwnT      taskT
   0       0.16          1       0.10       0.10       0.06       0.00       0.00       0.00
   1       0.16          1       0.16       0.16       0.00       0.00       0.00       0.00
   2       0.16          1       0.15       0.15       0.01       0.00       0.00       0.00
   3       0.16          1       0.16       0.16       0.00       0.00       0.00       0.00
   4       0.16          1       0.14       0.14       0.01       0.01       0.00       0.00
   5       0.16          1       0.14       0.14       0.01       0.01       0.00       0.00
   6       0.16          1       0.14       0.14       0.01       0.01       0.00       0.00
   7       0.16          1       0.13       0.13       0.01       0.02       0.00       0.00
   8       0.16          1       0.12       0.12       0.02       0.02       0.00       0.00
   9       0.16          1       0.12       0.12       0.03       0.02       0.00       0.00
  10       0.16          1       0.13       0.13       0.02       0.02       0.00       0.00
  11       0.16          1       0.12       0.12       0.03       0.02       0.00       0.00
  12       0.16          1       0.13       0.13       0.02       0.02       0.00       0.00
  13       0.16          1       0.12       0.12       0.02       0.02       0.00       0.00
  14       0.16          1       0.12       0.12       0.03       0.02       0.00       0.00
  15       0.16          1       0.09       0.09       0.00       0.07       0.00       0.00
 SUM       2.63         16       2.09       2.09       0.29       0.25       0.00       0.00

[*00] unknown
[=01] R00002 lbp_omp.c (156-165) PARALLEL LOOP
 TID      execT      execC    bodyT/I    bodyT/E   exitBarT   startupT   shutdwnT      taskT
   0       0.20         18       0.05       0.05       0.04       0.11       0.00       0.00
   1       0.20         18       0.06       0.06       0.11       0.03       0.00       0.00
   2       0.20         18       0.05       0.05       0.11       0.04       0.00       0.00
   3       0.20         18       0.06       0.06       0.07       0.07       0.00       0.00
   4       0.20         18       0.04       0.04       0.04       0.12       0.00       0.00
   5       0.20         18       0.05       0.05       0.13       0.03       0.00       0.00
   6       0.20         18       0.05       0.05       0.04       0.11       0.00       0.00
   7       0.20         18       0.06       0.06       0.10       0.05       0.00       0.00
   8       0.20         18       0.05       0.05       0.06       0.09       0.00       0.00
   9       0.20         18       0.05       0.05       0.09       0.07       0.00       0.00
  10       0.20         18       0.00       0.00       0.20       0.01       0.00       0.00
  11       0.20         18       0.00       0.00       0.20       0.00       0.00       0.00
  12       0.20         18       0.00       0.00       0.19       0.01       0.00       0.00
  13       0.20         18       0.00       0.00       0.20       0.00       0.00       0.00
  14       0.20         18       0.00       0.00       0.20       0.00       0.00       0.00
  15       0.20         18       0.00       0.00       0.20       0.00       0.00       0.00
 SUM       3.27        288       0.51       0.51       1.98       0.75       0.03       0.00

[*00] unknown
[=01] R00003 lbp_omp.c (179-183) PARALLEL LOOP
 TID      execT      execC    bodyT/I    bodyT/E   exitBarT   startupT   shutdwnT      taskT
   0       0.00         18       0.00       0.00       0.00       0.00       0.00       0.00
   1       0.00         18       0.00       0.00       0.00       0.00       0.00       0.00
   2       0.00         18       0.00       0.00       0.00       0.00       0.00       0.00
   3       0.00         18       0.00       0.00       0.00       0.00       0.00       0.00
   4       0.00         18       0.00       0.00       0.00       0.00       0.00       0.00
   5       0.00         18       0.00       0.00       0.00       0.00       0.00       0.00
   6       0.00         18       0.00       0.00       0.00       0.00       0.00       0.00
   7       0.00         18       0.00       0.00       0.00       0.00       0.00       0.00
   8       0.00         18       0.00       0.00       0.00       0.00       0.00       0.00
   9       0.00         18       0.00       0.00       0.00       0.00       0.00       0.00
  10       0.00         18       0.00       0.00       0.00       0.00       0.00       0.00
  11       0.00         18       0.00       0.00       0.00       0.00       0.00       0.00
  12       0.00         18       0.00       0.00       0.00       0.00       0.00       0.00
  13       0.00         18       0.00       0.00       0.00       0.00       0.00       0.00
  14       0.00         18       0.00       0.00       0.00       0.00       0.00       0.00
  15       0.00         18       0.00       0.00       0.00       0.00       0.00       0.00
 SUM       0.03        288       0.00       0.00       0.01       0.01       0.01       0.00


----------------------------------------------------------------------
----     ompP Overhead Analysis Report     ---------------------------
----------------------------------------------------------------------
Total runtime (wallclock)   : 0.38 sec [16 threads]
Number of parallel regions  : 3
Parallel coverage           : 0.37 sec (98.05%)

Parallel regions sorted by wallclock time:
            Type                            Location      Wallclock (%) 
R00002   PARLOOP                 lbp_omp.c (156-165)       0.20 (54.07) 
R00001   PARLOOP                 lbp_omp.c (148-152)       0.16 (43.41) 
R00003   PARLOOP                 lbp_omp.c (179-183)       0.00 ( 0.57) 
                                                 SUM       0.37 (98.05) 

Overheads wrt. each individual parallel region:
          Total        Ovhds (%)  =   Synch  (%)  +  Imbal   (%)  +   Limpar (%)   +    Mgmt (%)
R00002     3.27     2.76 (84.41)    0.00 ( 0.00)    1.98 (60.54)    0.00 ( 0.00)    0.78 (23.86)
R00001     2.63     0.54 (20.62)    0.00 ( 0.00)    0.29 (11.17)    0.00 ( 0.00)    0.25 ( 9.45)
R00003     0.03     0.03 (99.21)    0.00 ( 0.00)    0.01 (34.17)    0.00 ( 0.00)    0.02 (65.04)

Overheads wrt. whole program:
          Total        Ovhds (%)  =   Synch  (%)  +  Imbal   (%)  +   Limpar (%)   +    Mgmt (%)
R00002     3.27     2.76 (45.64)    0.00 ( 0.00)    1.98 (32.74)    0.00 ( 0.00)    0.78 (12.90)
R00001     2.63     0.54 ( 8.95)    0.00 ( 0.00)    0.29 ( 4.85)    0.00 ( 0.00)    0.25 ( 4.10)
R00003     0.03     0.03 ( 0.56)    0.00 ( 0.00)    0.01 ( 0.19)    0.00 ( 0.00)    0.02 ( 0.37)
   SUM     5.93     3.34 (55.16)    0.00 ( 0.00)    2.29 (37.78)    0.00 ( 0.00)    1.05 (17.37)


